0 0.000000
1 0.012272
2 0.024541
3 0.036807
4 0.049068
5 0.061321
6 0.073565
7 0.085797
8 0.098017
9 0.110222
10 0.122411
11 0.134581
12 0.146730
13 0.158858
14 0.170962
15 0.183040
16 0.195090
17 0.207111
18 0.219101
19 0.231058
20 0.242980
21 0.254866
22 0.266713
23 0.278520
24 0.290285
25 0.302006
26 0.313682
27 0.325310
28 0.336890
29 0.348419
30 0.359895
31 0.371317
32 0.382683
33 0.393992
34 0.405241
35 0.416430
36 0.427555
37 0.438616
38 0.449611
39 0.460539
40 0.471397
41 0.482184
42 0.492898
43 0.503538
44 0.514103
45 0.524590
46 0.534998
47 0.545325
48 0.555570
49 0.565732
50 0.575808
51 0.585798
52 0.595699
53 0.605511
54 0.615232
55 0.624859
56 0.634393
57 0.643832
58 0.653173
59 0.662416
60 0.671559
61 0.680601
62 0.689541
63 0.698376
64 0.707107
65 0.715731
66 0.724247
67 0.732654
68 0.740951
69 0.749136
70 0.757209
71 0.765167
72 0.773010
73 0.780737
74 0.788346
75 0.795837
76 0.803208
77 0.810457
78 0.817585
79 0.824589
80 0.831470
81 0.838225
82 0.844854
83 0.851355
84 0.857729
85 0.863973
86 0.870087
87 0.876070
88 0.881921
89 0.887640
90 0.893224
91 0.898674
92 0.903989
93 0.909168
94 0.914210
95 0.919114
96 0.923880
97 0.928506
98 0.932993
99 0.937339
100 0.941544
101 0.945607
102 0.949528
103 0.953306
104 0.956940
105 0.960431
106 0.963776
107 0.966976
108 0.970031
109 0.972940
110 0.975702
111 0.978317
112 0.980785
113 0.983105
114 0.985278
115 0.987301
116 0.989177
117 0.990903
118 0.992480
119 0.993907
120 0.995185
121 0.996313
122 0.997290
123 0.998118
124 0.998795
125 0.999322
126 0.999699
127 0.999925
128 1.000000
129 0.999925
130 0.999699
131 0.999322
132 0.998795
133 0.998118
134 0.997290
135 0.996313
136 0.995185
137 0.993907
138 0.992480
139 0.990903
140 0.989177
141 0.987301
142 0.985278
143 0.983105
144 0.980785
145 0.978317
146 0.975702
147 0.972940
148 0.970031
149 0.966976
150 0.963776
151 0.960431
152 0.956940
153 0.953306
154 0.949528
155 0.945607
156 0.941544
157 0.937339
158 0.932993
159 0.928506
160 0.923880
161 0.919114
162 0.914210
163 0.909168
164 0.903989
165 0.898674
166 0.893224
167 0.887640
168 0.881921
169 0.876070
170 0.870087
171 0.863973
172 0.857729
173 0.851355
174 0.844854
175 0.838225
176 0.831470
177 0.824589
178 0.817585
179 0.810457
180 0.803208
181 0.795837
182 0.788346
183 0.780737
184 0.773010
185 0.765167
186 0.757209
187 0.749136
188 0.740951
189 0.732654
190 0.724247
191 0.715731
192 0.707107
193 0.698376
194 0.689541
195 0.680601
196 0.671559
197 0.662416
198 0.653173
199 0.643832
200 0.634393
201 0.624859
202 0.615232
203 0.605511
204 0.595699
205 0.585798
206 0.575808
207 0.565732
208 0.555570
209 0.545325
210 0.534998
211 0.524590
212 0.514103
213 0.503538
214 0.492898
215 0.482184
216 0.471397
217 0.460539
218 0.449611
219 0.438616
220 0.427555
221 0.416430
222 0.405241
223 0.393992
224 0.382683
225 0.371317
226 0.359895
227 0.348419
228 0.336890
229 0.325310
230 0.313682
231 0.302006
232 0.290285
233 0.278520
234 0.266713
235 0.254866
236 0.242980
237 0.231058
238 0.219101
239 0.207111
240 0.195090
241 0.183040
242 0.170962
243 0.158858
244 0.146730
245 0.134581
246 0.122411
247 0.110222
248 0.098017
249 0.085797
250 0.073565
251 0.061321
252 0.049068
253 0.036807
254 0.024541
255 0.012272
256 0.000000
257 -0.012272
258 -0.024541
259 -0.036807
260 -0.049068
261 -0.061321
262 -0.073565
263 -0.085797
264 -0.098017
265 -0.110222
266 -0.122411
267 -0.134581
268 -0.146730
269 -0.158858
270 -0.170962
271 -0.183040
272 -0.195090
273 -0.207111
274 -0.219101
275 -0.231058
276 -0.242980
277 -0.254866
278 -0.266713
279 -0.278520
280 -0.290285
281 -0.302006
282 -0.313682
283 -0.325310
284 -0.336890
285 -0.348419
286 -0.359895
287 -0.371317
288 -0.382683
289 -0.393992
290 -0.405241
291 -0.416430
292 -0.427555
293 -0.438616
294 -0.449611
295 -0.460539
296 -0.471397
297 -0.482184
298 -0.492898
299 -0.503538
300 -0.514103
301 -0.524590
302 -0.534998
303 -0.545325
304 -0.555570
305 -0.565732
306 -0.575808
307 -0.585798
308 -0.595699
309 -0.605511
310 -0.615232
311 -0.624859
312 -0.634393
313 -0.643832
314 -0.653173
315 -0.662416
316 -0.671559
317 -0.680601
318 -0.689541
319 -0.698376
320 -0.707107
321 -0.715731
322 -0.724247
323 -0.732654
324 -0.740951
325 -0.749136
326 -0.757209
327 -0.765167
328 -0.773010
329 -0.780737
330 -0.788346
331 -0.795837
332 -0.803208
333 -0.810457
334 -0.817585
335 -0.824589
336 -0.831470
337 -0.838225
338 -0.844854
339 -0.851355
340 -0.857729
341 -0.863973
342 -0.870087
343 -0.876070
344 -0.881921
345 -0.887640
346 -0.893224
347 -0.898674
348 -0.903989
349 -0.909168
350 -0.914210
351 -0.919114
352 -0.923880
353 -0.928506
354 -0.932993
355 -0.937339
356 -0.941544
357 -0.945607
358 -0.949528
359 -0.953306
360 -0.956940
361 -0.960431
362 -0.963776
363 -0.966976
364 -0.970031
365 -0.972940
366 -0.975702
367 -0.978317
368 -0.980785
369 -0.983105
370 -0.985278
371 -0.987301
372 -0.989177
373 -0.990903
374 -0.992480
375 -0.993907
376 -0.995185
377 -0.996313
378 -0.997290
379 -0.998118
380 -0.998795
381 -0.999322
382 -0.999699
383 -0.999925
384 -1.000000
385 -0.999925
386 -0.999699
387 -0.999322
388 -0.998795
389 -0.998118
390 -0.997290
391 -0.996313
392 -0.995185
393 -0.993907
394 -0.992480
395 -0.990903
396 -0.989177
397 -0.987301
398 -0.985278
399 -0.983105
400 -0.980785
401 -0.978317
402 -0.975702
403 -0.972940
404 -0.970031
405 -0.966976
406 -0.963776
407 -0.960431
408 -0.956940
409 -0.953306
410 -0.949528
411 -0.945607
412 -0.941544
413 -0.937339
414 -0.932993
415 -0.928506
416 -0.923880
417 -0.919114
418 -0.914210
419 -0.909168
420 -0.903989
421 -0.898674
422 -0.893224
423 -0.887640
424 -0.881921
425 -0.876070
426 -0.870087
427 -0.863973
428 -0.857729
429 -0.851355
430 -0.844854
431 -0.838225
432 -0.831470
433 -0.824589
434 -0.817585
435 -0.810457
436 -0.803208
437 -0.795837
438 -0.788346
439 -0.780737
440 -0.773010
441 -0.765167
442 -0.757209
443 -0.749136
444 -0.740951
445 -0.732654
446 -0.724247
447 -0.715731
448 -0.707107
449 -0.698376
450 -0.689541
451 -0.680601
452 -0.671559
453 -0.662416
454 -0.653173
455 -0.643832
456 -0.634393
457 -0.624859
458 -0.615232
459 -0.605511
460 -0.595699
461 -0.585798
462 -0.575808
463 -0.565732
464 -0.555570
465 -0.545325
466 -0.534998
467 -0.524590
468 -0.514103
469 -0.503538
470 -0.492898
471 -0.482184
472 -0.471397
473 -0.460539
474 -0.449611
475 -0.438616
476 -0.427555
477 -0.416430
478 -0.405241
479 -0.393992
480 -0.382683
481 -0.371317
482 -0.359895
483 -0.348419
484 -0.336890
485 -0.325310
486 -0.313682
487 -0.302006
488 -0.290285
489 -0.278520
490 -0.266713
491 -0.254866
492 -0.242980
493 -0.231058
494 -0.219101
495 -0.207111
496 -0.195090
497 -0.183040
498 -0.170962
499 -0.158858
500 -0.146730
501 -0.134581
502 -0.122411
503 -0.110222
504 -0.098017
505 -0.085797
506 -0.073565
507 -0.061321
508 -0.049068
509 -0.036807
510 -0.024541
511 -0.012272
512 -0.000000
513 0.012272
514 0.024541
515 0.036807
516 0.049068
517 0.061321
518 0.073565
519 0.085797
520 0.098017
521 0.110222
522 0.122411
523 0.134581
524 0.146730
525 0.158858
526 0.170962
527 0.183040
528 0.195090
529 0.207111
530 0.219101
531 0.231058
532 0.242980
533 0.254866
534 0.266713
535 0.278520
536 0.290285
537 0.302006
538 0.313682
539 0.325310
540 0.336890
541 0.348419
542 0.359895
543 0.371317
544 0.382683
545 0.393992
546 0.405241
547 0.416430
548 0.427555
549 0.438616
550 0.449611
551 0.460539
552 0.471397
553 0.482184
554 0.492898
555 0.503538
556 0.514103
557 0.524590
558 0.534998
559 0.545325
560 0.555570
561 0.565732
562 0.575808
563 0.585798
564 0.595699
565 0.605511
566 0.615232
567 0.624859
568 0.634393
569 0.643832
570 0.653173
571 0.662416
572 0.671559
573 0.680601
574 0.689541
575 0.698376
576 0.707107
577 0.715731
578 0.724247
579 0.732654
580 0.740951
581 0.749136
582 0.757209
583 0.765167
584 0.773010
585 0.780737
586 0.788346
587 0.795837
588 0.803208
589 0.810457
590 0.817585
591 0.824589
592 0.831470
593 0.838225
594 0.844854
595 0.851355
596 0.857729
597 0.863973
598 0.870087
599 0.876070
600 0.881921
601 0.887640
602 0.893224
603 0.898674
604 0.903989
605 0.909168
606 0.914210
607 0.919114
608 0.923880
609 0.928506
610 0.932993
611 0.937339
612 0.941544
613 0.945607
614 0.949528
615 0.953306
616 0.956940
617 0.960431
618 0.963776
619 0.966976
620 0.970031
621 0.972940
622 0.975702
623 0.978317
624 0.980785
625 0.983105
626 0.985278
627 0.987301
628 0.989177
629 0.990903
630 0.992480
631 0.993907
632 0.995185
633 0.996313
634 0.997290
635 0.998118
636 0.998795
637 0.999322
638 0.999699
639 0.999925
640 1.000000
641 0.999925
642 0.999699
643 0.999322
644 0.998795
645 0.998118
646 0.997290
647 0.996313
648 0.995185
649 0.993907
650 0.992480
651 0.990903
652 0.989177
653 0.987301
654 0.985278
655 0.983105
656 0.980785
657 0.978317
658 0.975702
659 0.972940
660 0.970031
661 0.966976
662 0.963776
663 0.960431
664 0.956940
665 0.953306
666 0.949528
667 0.945607
668 0.941544
669 0.937339
670 0.932993
671 0.928506
672 0.923880
673 0.919114
674 0.914210
675 0.909168
676 0.903989
677 0.898674
678 0.893224
679 0.887640
680 0.881921
681 0.876070
682 0.870087
683 0.863973
684 0.857729
685 0.851355
686 0.844854
687 0.838225
688 0.831470
689 0.824589
690 0.817585
691 0.810457
692 0.803208
693 0.795837
694 0.788346
695 0.780737
696 0.773010
697 0.765167
698 0.757209
699 0.749136
700 0.740951
701 0.732654
702 0.724247
703 0.715731
704 0.707107
705 0.698376
706 0.689541
707 0.680601
708 0.671559
709 0.662416
710 0.653173
711 0.643832
712 0.634393
713 0.624859
714 0.615232
715 0.605511
716 0.595699
717 0.585798
718 0.575808
719 0.565732
720 0.555570
721 0.545325
722 0.534998
723 0.524590
724 0.514103
725 0.503538
726 0.492898
727 0.482184
728 0.471397
729 0.460539
730 0.449611
731 0.438616
732 0.427555
733 0.416430
734 0.405241
735 0.393992
736 0.382683
737 0.371317
738 0.359895
739 0.348419
740 0.336890
741 0.325310
742 0.313682
743 0.302006
744 0.290285
745 0.278520
746 0.266713
747 0.254866
748 0.242980
749 0.231058
750 0.219101
751 0.207111
752 0.195090
753 0.183040
754 0.170962
755 0.158858
756 0.146730
757 0.134581
758 0.122411
759 0.110222
760 0.098017
761 0.085797
762 0.073565
763 0.061321
764 0.049068
765 0.036807
766 0.024541
767 0.012272
768 0.000000
769 -0.012272
770 -0.024541
771 -0.036807
772 -0.049068
773 -0.061321
774 -0.073565
775 -0.085797
776 -0.098017
777 -0.110222
778 -0.122411
779 -0.134581
780 -0.146730
781 -0.158858
782 -0.170962
783 -0.183040
784 -0.195090
785 -0.207111
786 -0.219101
787 -0.231058
788 -0.242980
789 -0.254866
790 -0.266713
791 -0.278520
792 -0.290285
793 -0.302006
794 -0.313682
795 -0.325310
796 -0.336890
797 -0.348419
798 -0.359895
799 -0.371317
800 -0.382683
801 -0.393992
802 -0.405241
803 -0.416430
804 -0.427555
805 -0.438616
806 -0.449611
807 -0.460539
808 -0.471397
809 -0.482184
810 -0.492898
811 -0.503538
812 -0.514103
813 -0.524590
814 -0.534998
815 -0.545325
816 -0.555570
817 -0.565732
818 -0.575808
819 -0.585798
820 -0.595699
821 -0.605511
822 -0.615232
823 -0.624859
824 -0.634393
825 -0.643832
826 -0.653173
827 -0.662416
828 -0.671559
829 -0.680601
830 -0.689541
831 -0.698376
832 -0.707107
833 -0.715731
834 -0.724247
835 -0.732654
836 -0.740951
837 -0.749136
838 -0.757209
839 -0.765167
840 -0.773010
841 -0.780737
842 -0.788346
843 -0.795837
844 -0.803208
845 -0.810457
846 -0.817585
847 -0.824589
848 -0.831470
849 -0.838225
850 -0.844854
851 -0.851355
852 -0.857729
853 -0.863973
854 -0.870087
855 -0.876070
856 -0.881921
857 -0.887640
858 -0.893224
859 -0.898674
860 -0.903989
861 -0.909168
862 -0.914210
863 -0.919114
864 -0.923880
865 -0.928506
866 -0.932993
867 -0.937339
868 -0.941544
869 -0.945607
870 -0.949528
871 -0.953306
872 -0.956940
873 -0.960431
874 -0.963776
875 -0.966976
876 -0.970031
877 -0.972940
878 -0.975702
879 -0.978317
880 -0.980785
881 -0.983105
882 -0.985278
883 -0.987301
884 -0.989177
885 -0.990903
886 -0.992480
887 -0.993907
888 -0.995185
889 -0.996313
890 -0.997290
891 -0.998118
892 -0.998795
893 -0.999322
894 -0.999699
895 -0.999925
896 -1.000000
897 -0.999925
898 -0.999699
899 -0.999322
900 -0.998795
901 -0.998118
902 -0.997290
903 -0.996313
904 -0.995185
905 -0.993907
906 -0.992480
907 -0.990903
908 -0.989177
909 -0.987301
910 -0.985278
911 -0.983105
912 -0.980785
913 -0.978317
914 -0.975702
915 -0.972940
916 -0.970031
917 -0.966976
918 -0.963776
919 -0.960431
920 -0.956940
921 -0.953306
922 -0.949528
923 -0.945607
924 -0.941544
925 -0.937339
926 -0.932993
927 -0.928506
928 -0.923880
929 -0.919114
930 -0.914210
931 -0.909168
932 -0.903989
933 -0.898674
934 -0.893224
935 -0.887640
936 -0.881921
937 -0.876070
938 -0.870087
939 -0.863973
940 -0.857729
941 -0.851355
942 -0.844854
943 -0.838225
944 -0.831470
945 -0.824589
946 -0.817585
947 -0.810457
948 -0.803208
949 -0.795837
950 -0.788346
951 -0.780737
952 -0.773010
953 -0.765167
954 -0.757209
955 -0.749136
956 -0.740951
957 -0.732654
958 -0.724247
959 -0.715731
960 -0.707107
961 -0.698376
962 -0.689541
963 -0.680601
964 -0.671559
965 -0.662416
966 -0.653173
967 -0.643832
968 -0.634393
969 -0.624859
970 -0.615232
971 -0.605511
972 -0.595699
973 -0.585798
974 -0.575808
975 -0.565732
976 -0.555570
977 -0.545325
978 -0.534998
979 -0.524590
980 -0.514103
981 -0.503538
982 -0.492898
983 -0.482184
984 -0.471397
985 -0.460539
986 -0.449611
987 -0.438616
988 -0.427555
989 -0.416430
990 -0.405241
991 -0.393992
992 -0.382683
993 -0.371317
994 -0.359895
995 -0.348419
996 -0.336890
997 -0.325310
998 -0.313682
999 -0.302006
1000 -0.290285
1001 -0.278520
1002 -0.266713
1003 -0.254866
1004 -0.242980
1005 -0.231058
1006 -0.219101
1007 -0.207111
1008 -0.195090
1009 -0.183040
1010 -0.170962
1011 -0.158858
1012 -0.146730
1013 -0.134581
1014 -0.122411
1015 -0.110222
1016 -0.098017
1017 -0.085797
1018 -0.073565
1019 -0.061321
1020 -0.049068
1021 -0.036807
1022 -0.024541
1023 -0.012272
